20.9
21.3
19.9
18.1
16.2
13.9
14.7
13.8
14.7
16.1
16.8
20.4
20.9
22.5
20.3
18.2
16.4
13.8
11.9
13.8
15.6
16.9
18.4
19.8
21.3
20.1
20.2
17.4
16.2
15
12.6
13.4
14.8
15.2
16.4
19.5
20.9
21.8
22.2
17.8
16.7
15.1
12.4
14
14.5
15.7
16.9
19.6
21.4
19.6
18.6
16.7
15.6
14.1
12.3
11.8
13.8
15.8
17.9
18
20.7
23.1
21.1
17.3
16.3
13.1
13.6
14.3
15.8
16.4
18.6
21.5
21.5
21.6
18.5
18.8
15.5
12.6
13
13.1
15.1
15
17.1
17.4
20.6
21.5
21.4
17.8
17
13.4
13.2
13.7
15.5
15.6
17.9
21.1
22.9
23
21.2
18.8
15
13.9
12.9
13.1
15.1
16.1
18.3
20.7
21.4
21.1
19.8
17.9
13.7
12.1
12.2
14.7
14.9
14.4
17.1
18.6
20.1
22.1
20.5
18.4
15.9
13.5
12.3
13.9
15.3
15.7
18.7
21.2
21.9
22.4
20.6
17.2
17.3
14.6
12.7
12.7
14.3
16.5
17.4
20
20.5
21.1
19.1
18.4
14.9
13.2
13.4
14.4
15.1
16.3
16.8
21
21.6
21.6
21.5
19
15.9
13.7
13.5
15.1
15.4
16.4
19.5
20.9
20.4
21.4
20.4
19.1
16.2
15.2
13.1
13.5
15.5
16.1
17
19.5
23.3
21.3
21.2
18.5
15.8
13.9
12.6
13.3
14
16.2
17
19.2
22
23.9
21.7
19.7
17.3
15.1
13.9
13.2
14.8
16.5
17.5
19.4
19.7
20.9
19.9
18.5
15.4
14.1
13
14.3
15.2
17.3
19.4
22.6
24.8
22.9
21.1
18.2