16.5
16.5
14.5
13.1
11.6
9.4
8.7
9
11.3
12.5
12.7
14.2
17.8
17.5
17.3
15.3
11.2
10.1
8.9
8
10.4
11.2
13.6
16.3
17.1
18
15.8
12.3
11.6
8.5
8.1
9.4
10
10.9
13.6
13.6
15.6
15.8
15.7
13
10.6
9.2
8.1
9.1
10.8
12.3
13
14.8
15.1
16.4
16.8
14.1
10.7
10.7
9.5
10.2
10.6
12.1
14.6
16.7
18.6
17.5
15.3
13.9
11.2
10.9
9.8
8.9
11.2
11.5
13.1
16.4
19
17.9
15.8
14.8
11.9
9.6
7.7
8.1
10.2
12.2
13.9
15.7
18.2
16.6
14.6
13.4
12.1
9.9
8.8
10.9
11.1
12.3
14.2
15.4
17
17.5
14.9
12.6
11
10.3
9.6
9.8
11.8
12.9
14.2
16.8
18.2
16.7
16.7
14.3
11.8
9.4
7.7
9.5
11.4
13.2
14
14.7
17
19
16.9
13.8
12.4
9.6
9.5
9.9
10.3
12.6
13.5
16
16.4
16.9
15.7
13
11.6
8.5
8.4
10.3
11.6
11.9
12.4
14.8
17
16
14.2
11.2
9.2
9
9
8.1
8.9
10.6
13.7
14
15.4
15.3
14.3
12.3
11.4
10.6
9.7
8.6
9.5
12.5
12
14.5
16.9
18
15.1
14.5
12.1
8.9
8.7
10.1
10.2
11.3
13.1
15.3
16.3
17.3
16.1
14.7
11.8
9
8.1
8.8
10.4
11.7
12.7
16.8
17.4
17.2
15.2
14.5
11.3
9.2
8.5
8.6
12.3
12.7
12.8
14.6
15.5
17.4
15
12.8
12.6
9.6
8.4
9.1
9.5
12
13.6
15
16.9
19.3
17.6
14.8
12.3
9.5
10.9
9.1
11.6
13
13.7
16.1
18.6
18.2
17.8
14.3
13.2
10.2
9.8
9.5
11.8
13.1
14.3
14.6
16.1
16.7
14.9
14.2
12.5
10.5
10.5
9.6
10.9
12.5
12.2
16.7